603
1 1 0.5
100000 1313 0.3141592
3782 19 0
2 1 1
83924 71 0.04599527672292547
49712 65 0.13241219509444202
28084 69 0.9343127040984546
99422 63 0.5369309711624165
55656 3 0.42425087917474635
11406 86 0.5899902435569947
57542 87 0.7968416495325441
27595 1 0.8632426007794227
83331 87 0.21520232462292443
59888 24 0.973123936858115
33111 43 0.3978350029172275
94900 65 0.23451730071931565
65358 85 0.8936389982525969
39673 32 0.8552619665731854
49385 51 0.36364185637983326
92263 96 0.09770104930851653
93022 60 0.057478060346182414
96920 92 0.8913579338757258
5415 54 0.49393713598076994
18177 3 0.04584296133432231
80624 93 0.8013791818011079
53978 43 0.37682327459808407
21902 62 0.004263883643695454
22424 45 0.4088137066740324
48170 60 0.9371235691592169
46700 65 0.5920187517577485
4455 33 0.2795701348043159
29948 93 0.1987000376883835
25284 68 0.2097752297946549
37621 71 0.8266634533733399
4814 34 0.31559029594555044
75216 80 0.10943013721377504
7600 45 0.05024277126211807
79958 10 0.23732868059570988
99239 70 0.21339666977777216
6454 20 0.9508480800667517
93865 20 0.6402125770686452
28542 64 0.043723828239272344
54933 90 0.6246736588869767
57463 82 0.17187009742611603
63327 81 0.144525273712798
74386 31 0.015769813519316833
91383 71 0.921243621687949
32544 43 0.9955192339806728
18724 33 0.888918922984923
19521 11 0.743495287676532
63922 28 0.08210031115812944
7120 25 0.15054909267854621
20258 55 0.0276644584504957
8054 32 0.815579295607524
1611 69 0.854681672864328
13202 9 0.24003138816518754
70435 2 0.855969524088558
88079 11 0.7599035850032383
20688 30 0.654340987821482
54699 90 0.4366962159701929
78495 9 0.37612958290301934
97175 45 0.42076668029116815
8354 93 0.9169515633568103
82824 92 0.4379778431630378
36359 12 0.024255726937470468
41612 67 0.3624507686320041
29612 6 0.21430693621360186
56486 71 0.4506330186900923
75653 12 0.6060106286840204
76255 38 0.8976217976682886
52127 41 0.38045488804100436
16564 13 0.40546260247639865
47311 22 0.4751357988487984
88316 2 0.44158185497576463
10747 52 0.17933037824922227
16328 54 0.6270821223348167
71614 35 0.817654533303754
43675 94 0.08968233264008296
44361 10 0.6700288043880177
73027 28 0.8018495575284292
47260 96 0.5774865070835901
69446 27 0.6052452955724946
33188 72 0.3957879829220623
37809 51 0.2989744328859587
83139 91 0.07581196508271071
20763 33 0.3891294353322292
44350 57 0.8362231004890145
22613 59 0.705494780175074
25963 88 0.7368744073561767
13460 21 0.47961610664857535
57775 73 0.21958632944652534
73589 6 0.835223629558167
765 68 0.5370128068049976
97393 29 0.20258039034617248
92993 34 0.7927985385860895
40811 25 0.46493042497710446
59474 92 0.8415654635531657
97580 17 0.7569502052403108
90293 52 0.9917277491632488
63723 95 0.6379366033537214
45404 62 0.18588954555375847
62156 28 0.7792469876800697
17007 97 0.6426650056561056
70733 100 0.5559690004874162
28440 3657 0.2920917881850543
27340 6006 0.783538976555549
71352 11349 0.3581754893997302
79743 11860 0.8545287630035018
47068 10401 0.1921671440474404
40160 8761 0.3194284505006393
42264 8954 0.6664784682554313
84197 19442 0.42519689174318254
9111 1750 0.7510943266210787
69648 9635 0.7307326539478124
54117 12433 0.1332371462025479
16303 2764 0.9102129060820806
53139 11233 0.1500381364337834
86498 11948 0.5313073763410935
79952 14435 0.7981153153262917
95639 23707 0.5503256175463991
99920 23772 0.6420012456122459
46055 7393 0.6556846460307291
97192 21618 0.2163303121064717
98609 16824 0.7116417101248539
8433 2019 0.054017882182526344
74206 11905 0.6612429297104749
8167 1024 0.19786999529505966
27965 6163 0.540373024099424
48831 7804 0.899001909750756
15873 3654 0.8368300138994251
87500 19692 0.6599928075603297
95713 22253 0.37636571779567407
14345 2504 0.4149543429387115
24892 5268 0.4912051391263338
96042 13324 0.608621451079342
7112 1523 0.8232962353192268
59220 10930 0.8996212813476496
91822 19128 0.3497752900198354
28738 6475 0.7305048098304225
25371 4181 0.4476898670397087
12495 2143 0.43928963813019895
24228 3826 0.5164414395088883
52891 12917 0.5913857744649124
39635 8332 0.24910627678315644
88718 18665 0.9909618385676606
2534 374 0.6590556610611844
38721 9106 0.3880336902152349
37868 4907 0.41928948628917573
7638 1076 0.27967160174147043
70879 14766 0.6236586340183883
59947 8750 0.7554534588201799
84324 17401 0.31859611355551565
18616 3678 0.9502406703566416
36568 8937 0.8398942500370793
42983 6991 0.02999761945472157
95188 20164 0.3021181070428631
68548 15944 0.4840665080906552
50245 6372 0.3809735496491444
53603 12338 0.8622720383683184
34172 7612 0.5757668446554799
54553 9887 0.5565696662015837
21835 3748 0.38628769799728135
29553 4143 0.16063927319396842
12429 1589 0.654187851227485
64488 13746 0.7697181471445353
94568 23052 0.7432459143282403
96599 17586 0.026788525567983945
74179 16156 0.2277264463897528
29536 7011 0.04658597391798114
51073 9950 0.457140735658055
43867 8919 0.6192544043675888
80714 14625 0.32476633312183745
93687 17528 0.4211915381751802
61565 8362 0.013819706258647035
82110 10640 0.7489312780471591
71233 10019 0.5786146117396979
44875 8621 0.4969009194067566
4546 732 0.2596691538236111
65620 11913 0.47254402499606407
79027 15084 0.174708788998303
51851 11329 0.4804697383333886
95240 19584 0.8868920956492553
25063 4794 0.00569958495856715
16003 3772 0.6642718718289198
9545 1397 0.42633697185624286
46137 10832 0.5192893483800682
34354 6609 0.9265586753896288
7398 1081 0.28464428547199916
13775 2622 0.14707268327657252
57549 10037 0.6447285662578289
19949 4197 0.8843299518038001
61760 15141 0.7243723366119712
63551 10716 0.16092068756111555
94008 14945 0.23521366244993092
15583 2536 0.8637039926374922
98841 12400 0.41273450364527964
26092 3810 0.056166732493098004
44597 7017 0.8339427929970117
69452 16639 0.4870079025858234
30057 5589 0.39873859098744724
95822 15863 0.7546009848657769
91997 20775 0.1709697387414142
24247 5017 0.8602757658053508
92493 15921 0.7137242853140111
34202 4659 0.3526337148996823
26031 3827 0.9950605261310627
13179 3241 0.08759380895042645
78168 12593 0.7845572415605346
92194 20316 0.5086611378894972
32929 5750 0.7790632164393202
47287 10500 0.789993816378853
75354 16999 0.981002192454176
91445 11831 0.7290681548044475
71308 9773 0.2695856187291995
10789 1765 0.7708317216384739
48240 9358 0.7412143878657563
74023 16383 0.3827934466600458
10008 1384 0.5090021123316665
32156 7009 0.36900294353003615
25063 5984 0.9233902141011571
23538 4628 0.8456714812628091
51504 7673 0.9587874553538032
58819 11820 0.03450975116242827
43049 9979 0.07946916309769303
12976 1727 0.8408052171822773
97458 16348 0.6979018107368418
33040 5957 0.24781002687523723
11124 1599 0.23838119221522402
46357 9981 0.8000119977763461
30336 6281 0.3584281645185238
45511 9848 0.0850410400842252
98300 24170 0.5216847448202901
32544 5529 0.9239248079027259
86599 12572 0.49288930739928993
31600 5393 0.5056258317753023
37013 8599 0.4935427206659633
60074 14493 0.5646192738008015
83078 17553 0.4436486866300272
72920 9748 0.8069336875434573
46394 6349 0.5698348540426622
31833 5159 0.594676666669322
28513 4990 0.5045256244679179
74035 11148 0.6525804980878842
30573 5407 0.07780636460065526
67727 15610 0.5603817573651
7025 1344 0.22823210230016278
619 91 0.6366187354681729
91564 16917 0.668005254890713
92165 17178 0.6442936750630235
59483 12059 0.14046492996652138
91247 15562 0.4952810264546593
15138 2972 0.7343607531636652
91254 18100 0.7837164714332099
12199 2473 0.8724633299951946
90283 11299 0.821104778282922
41331 7847 0.2961083850211912
52054 9855 0.7066362382905411
10377 1447 0.8185692863210025
93920 20943 0.4711802422221507
18789 2888 0.4368676088986868
83035 15271 0.15547925803460783
5947 972 0.8638035755571358
55461 8421 0.7919278808632613
64178 14866 0.88153024902789
61087 14472 0.17158610223882087
26138 4604 0.5086977625183509
59302 12658 0.3072250071866035
4181 642 0.6207191550421972
56003 9544 0.009584589257364495
10127 2035 0.8445986947178931
45817 7983 0.6348658657402498
68375 8827 0.6654281147685432
48268 8784 0.04088425392407691
46567 6112 0.30238846938371144
51494 8302 0.10825347963656817
26345 6264 0.031055792676609184
80357 11435 0.8893036400976124
74524 18479 0.9110397691848708
20160 2719 0.8858853190280229
21875 4762 0.9103978244871613
65367 12771 0.019381281816811313
24557 4951 0.959652543123155
42029 6135 0.23060928974118433
50909 9464 0.6992627944252826
19936 4815 0.06920930698328298
75195 10889 0.45759509467165027
87534 21460 0.13379029412158716
58200 12406 0.08622958103532385
90818 12663 0.38466920209832234
82961 12237 0.6320986887725394
22559 3928 0.5464418868654366
90134 18588 0.8096647799980108
6282 889 0.4707367999106503
11406 1953 0.89113188890297
20684 4441 0.1600415171233398
38244 8232 0.9204708199014968
4729 793 0.4280633433969794
36258 7998 0.21160688401698124
26420 4482 0.9541617826771436
39209 8239 0.4681366830162421
73467 12054 0.8893289762993088
39820 8233 0.78894688071472
71187 11093 0.5962146930658482
62915 11596 0.4505148857908613
70524 15287 0.5099029309813137
28192 4995 0.0037703691113895044
902 179 0.24051910471134563
20217 2920 0.6343498775691035
1704 334 0.7011347390303155
9628 1218 0.32492421493804835
40549 6719 0.32956664983416306
56526 7378 0.4639344299385235
83785 17718 0.022139536652909464
61559 15273 0.6753243520032263
96995 19511 0.649774534434139
66191 9061 0.7293724943044523
42803 10177 0.4672293463981596
87285 17161 0.03803963302261537
86553 21064 0.13717831373597655
65873 10686 0.963778164942208
73839 15662 0.8011816851388586
21308 4698 0.6747802340129793
68423 9360 0.7654314393523942
2691 649 0.6803423039333792
25518 5526 0.10332560464180163
84517 11672 0.2674295205502859
69174 15931 0.2791428885444478
44916 8752 0.545549707032789
68625 9445 0.7839645671599232
17128 3248 0.5754841204496406
96756 14579 0.5599974909004438
9315 2103 0.4139312799087773
63828 12281 0.5329443959046746
28287 5214 0.8282437145390693
65345 16047 0.03126843312768213
19978 3096 0.8225873884379208
58399 13434 0.9502137236688775
96701 19264 0.04031871208931803
84402 18476 0.7182450619379156
68569 8635 0.060320180903495
16199 2570 0.9920135346406289
36375 8737 0.752500669139181
6868 1654 0.38776309773098083
55392 9293 0.2865635685914468
18818 3907 0.8438711820485942
5784 819 0.3572664701763425
82270 14936 0.589438762645022
34526 6839 0.3794024213108794
68882 9507 0.4028635468767464
87252 13531 0.1691639843797409
20780 4361 0.4143721469706184
64518 8105 0.2398224535037179
78955 16492 0.21665302052305757
96295 37634 0.7450539182848025
43905 18121 0.37399911807683917
78677 28119 0.17093548843684536
41277 16143 0.48558910457968374
97924 30308 0.6476585612918568
76459 36429 0.9824354989918448
36046 13601 0.6862749296937568
44786 14572 0.5867070725388647
8578 4116 0.8780948321388352
22895 6327 0.4000709473285615
95416 32714 0.6803589138359524
36429 10507 0.5247451044172421
48407 12852 0.5790458574531869
68774 33387 0.8643341712423896
70512 24874 0.31756938474549856
13702 6827 0.7553392928849816
79008 32610 0.32995168154070575
55333 24388 0.5954653060122344
74567 20117 0.2619975417483633
84694 42029 0.9593457729845372
16518 5214 0.41907618590476203
91568 27152 0.420794906206548
46945 20205 0.9812570879442676
40585 12051 0.5747779815960561
49130 23996 0.8845339323217738
94153 38591 0.5104437829649493
73384 33224 0.8113687668140437
53615 14640 0.21413594424865545
11634 4911 0.8673375240345818
80783 26130 0.3605212259900955
64572 21001 0.2676709465935282
41001 14838 0.5099441415378915
77472 35361 0.9142517901544148
87113 26117 0.4968136776128772
45442 14833 0.7283125361751356
22066 7585 0.44010279442362565
21120 8315 0.3067190212479256
31515 13023 0.3026200177377578
29496 13884 0.10223644243606989
42060 18667 0.7871970539616762
80236 26828 0.27434432941612386
15239 7117 0.8988031245826066
8833 3001 0.42266281049460797
41712 14352 0.08219739609642818
8069 2879 0.07740844105089395
18291 8715 0.12229233835773701
81278 28453 0.47993337751514675
16480 6018 0.17302365339937653
52019 23991 0.41260067090025365
33523 13146 0.3611846249289361
61107 28682 0.6241793758596685
33817 11333 0.4422341458478727
24044 9385 0.40964174871886183
72880 27898 0.3102569370379922
79332 30316 0.7286273456584433
60407 15505 0.6756404807130856
42739 12048 0.6436929802012632
80665 28455 0.6101159537130412
73362 26643 0.008458559537001697
94463 29642 0.6549374644419693
25485 8890 0.08942417703390793
98923 43087 0.8263756534153539
94072 37953 0.9379894471616762
542 149 0.7124770713422138
91942 38616 0.7873400772287975
49666 23974 0.3121671044658406
20919 9145 0.9005418086035477
6220 2831 0.7451039504874939
7462 3470 0.18144101851580574
27685 8455 0.1779490781234615
72713 25559 0.440723319316896
41113 13239 0.5365093265933182
46665 19114 0.6195202573151208
36058 13583 0.8670019198955164
32989 10289 0.06794057266117726
79310 30683 0.6838492450843424
93432 35691 0.38337726056380095
44218 15972 0.7031514026126037
74667 23581 0.4828177842954632
86248 29197 0.9644118367751654
14010 3757 0.835952270832418
5580 2576 0.23918330034201107
68770 19632 0.8647967402316188
70322 25332 0.611907915018244
44683 14629 0.8358646025064054
38238 15405 0.2900732249470621
96443 42093 0.4695444328999201
98290 32553 0.6994976816720817
24628 9997 0.47706312883970936
48086 20153 0.18457082560197136
52382 18623 0.23889679436851308
51514 25128 0.647955559862363
78138 35948 0.46227460589798275
59023 21286 0.011841007505040801
30973 13690 0.42391831903486377
77602 25057 0.7924147591145729
8255 3544 0.013661316597447404
9488 2432 0.47677922714154664
24072 8712 0.3632588849288848
28758 8339 0.949921294087169
6183 2927 0.16257686723664477
78599 26644 0.40828188623155337
31301 13500 0.5443409567511723
74407 18952 0.03256699577691258
7498 3444 0.5425345965595989
18531 8022 0.989166732585024
90106 34854 0.9040113928228423
31166 10828 0.9472599809004577
37190 13401 0.4354808675846844
92546 41234 0.39460266893038487
73532 23261 0.9981441448909752
68219 28474 0.3132296027193925
81022 31963 0.7911906027016724
50191 13453 0.7378219057612246
78767 28366 0.18628159508792508
20455 8638 0.9121527041950276
421 127 0.25308029140851707
12697 5183 0.027551804201885743
38989 15805 0.3377533418011449
75400 23098 0.26332672235435084
72331 26664 0.8809594152450744
92501 37784 0.24101787753577397
34890 13289 0.7698136394062625
93087 44071 0.28760392400332246
83965 37881 0.2622183424594876
31036 9166 0.6095329573470377
60478 25306 0.17618956962811616
70393 25056 0.6888407113100598
45289 20656 0.04767668271470349
8599 3937 0.8006024938536203
10347 3393 0.1960339228209017
73235 22127 0.44040467355447377
99400 46932 0.6367933929048957
59088 27627 0.8611389375916476
2597 753 0.008628280089165385
31184 10052 0.6168211600024286
12576 6256 0.769165996102428
10785 4575 0.5607932538681741
32906 13030 0.9182832099293379
19625 7443 0.7569300719696984
11834 5294 0.1552228751324094
72108 32538 0.1425748737214284
71006 30119 0.31673430279399084
44539 17587 0.9849630945542787
8243 3931 0.9987393875471581
88406 40394 0.44984589985757006
60891 15490 0.6769339950925389
94298 43851 0.24974005620607076
99010 40270 0.32728490889941153
12347 6007 0.9544393303277612
70578 54564 0.34249118135185297
31549 27179 0.2697225736308575
80532 72252 0.45393462105125826
56343 46218 0.3600651518248117
56060 38204 0.8311116467253723
66335 59298 0.09295213527584667
28137 27014 0.6445561022416704
30713 19417 0.19833197118225188
57358 36364 0.16824411519566473
79048 42359 0.5959386564447686
6137 3866 0.15970806568762308
15906 10366 0.17162654533985067
32120 23193 0.408738635418851
48603 37218 0.7543548542845194
64127 34808 0.27866408749030547
71107 48451 0.927756692907876
54245 46183 0.9896748645123559
87446 67467 0.12093057289717479
52086 34761 0.6953018709712255
44943 44770 0.4756780964883571
61310 47001 0.8866200039804955
90552 54157 0.6422307042595629
47910 33884 0.8015740429247256
26741 17901 0.5697889025200515
25328 24547 0.7184275605394179
70512 69622 0.7360386325241962
36396 20364 0.8440042124977205
58941 40005 0.10219037250562335
46464 43899 0.9622892097798755
75133 53420 0.4348572770717477
8482 5911 0.7521273665297366
22734 21469 0.8479757651478834
28784 17006 0.3011043225093377
67671 59820 0.37857772556710356
63703 33334 0.5950213498746534
9934 6620 0.8080239825330022
90986 68554 0.8293329221687217
92856 56410 0.5106554088715685
97390 71578 0.12305178963739993
4272 4100 0.8869380284536964
93278 79480 0.391349005103637
54352 44626 0.49717233281483675
37000 36822 0.6966802575972764
15001 12590 0.7306830447235773
24147 16439 0.7179136594935109
91061 86249 0.1469530442874416
59291 47903 0.09266123848287178
34648 20442 0.22914230221516196
87772 56132 0.2617381490615798
60931 47999 0.4634413834473886
71694 60580 0.21018060814742556
31163 29490 0.463223472771115
64137 54674 0.7122088112170151
21428 14546 0.40533348285182536
77281 50311 0.5754645451902868
32460 27190 0.7443124517422018
79670 70775 0.09219792819184125
35832 22519 0.97300219790355
63127 38878 0.763114681702946
18461 12709 0.8557846604407382
26287 15669 0.10648498182077737
33793 18785 0.8715369559687594
56658 49029 0.41590142797662655
2278 2130 0.6619490655493606
1225 1125 0.021665636440980185
13306 10783 0.7287618624521369
83741 65439 0.45197433191340586
58030 57908 0.8992136679456895
8886 8406 0.8115263286648782
89294 79005 0.6678842331418767
35785 25710 0.29942484954021764
38065 37019 0.2074252461738949
69120 61977 0.5997145008164249
71467 46162 0.9494649968187125
11065 7018 0.5928632468534603
16952 11985 0.29625027268178783
14012 10283 0.5731356740147632
90915 89120 0.406190706587488
37737 30425 0.7051481808723792
3662 2985 0.5721282135514959
27156 16873 0.5248606841927822
91100 46152 0.49646674583466466
12687 6937 0.7696337910717989
76685 70919 0.5757419360098841
85804 46203 0.014427085763234704
54461 50540 0.9991401819430118
1395 1226 0.47427610809551135
19620 13217 0.1981147835753777
6958 6853 0.8062712712497607
50815 35063 0.6616993380624625
39388 38182 0.8786666454952952
66881 37776 0.8553571305543033
73590 65376 0.7636287145079624
68019 59753 0.49808683164593115
55662 42230 0.8185379852376267
10688 9142 0.6077498908756823
26639 14690 0.7355916172827772
19079 13890 0.9098015564540118
2603 1707 0.11951253855687216
71365 42257 0.6082661467628058
